GPS0:
  lng0: 116.16801737430677
  lat0: 40.057611582392916
  alt0: 150.0